

      pattern0 = [
        0000000000000000
        0000000000000000
        0000000000000000
        0000000000000000
        0000000000000000
        0000000000000000
        0000000000000000
        0000000000000000
        ];

      pattern1 = [
        0000000000000000
        0000000000000000
        0000011111100000
        0000011111100000
        0000011111100000
        0000011111100000
        0000000000000000
        0000000000000000
        ];

      pattern2 = [
        0000000000000000
        0000011111100000
        0000110000110000
        0000110110110000
        0000110110110000
        0000110000110000
        0000011111100000
        0000000000000000
        ];

      pattern3 = [
        0000111111110000
        0010100000010100
        0101000110001010
        1010001111000101
        1010001111000101
        0101000110001010
        0010100000010100
        0000111111110000
        ];

    pattern4 = [
	1111111111111111
	1110110000110111
	1100100110010011
	1101011001101011
	1101011001101011
	1100100110010011
	1110110000110111
	1111111111111111
	];
 